prim_[0.0, 0.0, 0.0, 0.0]
prim_[0.0, 0.0, -0.0, 0.0]
prim_[0.0, 0.0, -0.0, 0.0]
prim_[0.0, 0.0, -0.0, 0.0]
prim_[0.0, 0.0, -0.0, 0.0]
prim_[0.0, 0.0, -0.0, 0.0]
prim_[0.0, 0.0, -0.0, 0.0]
prim_[0.0, 0.0, -0.0, 0.0]
prim_[0.0, 0.0, -0.0, 0.0]
prim_[0.0, 0.0, -0.0, 0.0]
prim_[0.0, 0.0, -0.0, 0.0]
prim_[0.0, 0.0, -0.0, 0.0]
prim_[0.0, 0.0, -0.0, 0.0]
prim_[0.0, 0.0, -0.0, 0.0]
prim_[0.0, 0.0, -0.0, 0.0]
prim_[0.0, 0.0, -0.0, 0.0]
prim_[0.0, 0.0, -0.0, 0.0]
prim_[0.0, 0.0, -0.0, 0.0]
prim_[0.0, 0.0, -0.0, 0.0]
prim_[0.0, 0.0, -0.0, 0.0]
prim_[0.0, 0.0, 0.0, 0.0]
prim_[0.0, 0.0, -0.0, 0.0]
prim_[0.0, -0.0, 0.0, 0.0]
prim_[3.169984135298845E39, 3.186652212039707E39, 0.0, -2.5426545389354208E39]
prim_[3.169984135298845E39, 3.186652212039707E39, 0.0, -2.5426545389354208E39]
prim_[3.1699841352988494E39, 3.186652212039711E39, 0.0, -2.542654538935425E39]
prim_[3.169984135298845E39, 3.186652212039707E39, 0.0, -2.5426545389354208E39]
prim_[3.169984135298845E39, 3.186652212039707E39, 0.0, -2.5426545389354208E39]
prim_[3.169984135298845E39, 3.186652212039707E39, 0.0, -2.5426545389354208E39]
prim_[3.169984135298845E39, 3.186652212039707E39, 0.0, -2.5426545389354208E39]
prim_[3.169984135298845E39, 3.186652212039707E39, 0.0, -2.5426545389354208E39]
prim_[3.169984135298845E39, 3.186652212039707E39, 0.0, -2.5426545389354208E39]
prim_[3.169984135298845E39, 3.186652212039707E39, 0.0, -2.5426545389354208E39]
prim_[3.1699841352988494E39, 3.186652212039711E39, 0.0, -2.542654538935425E39]
prim_[3.169984135298845E39, 3.186652212039707E39, 0.0, -2.5426545389354208E39]
prim_[3.169984135298845E39, 3.186652212039707E39, 0.0, -2.5426545389354208E39]
prim_[3.169984135298845E39, 3.186652212039707E39, 0.0, -2.5426545389354208E39]
prim_[3.169984135298845E39, 3.186652212039707E39, 0.0, -2.5426545389354208E39]
prim_[3.169984135298845E39, 3.186652212039707E39, 0.0, -2.5426545389354208E39]
prim_[3.1699841352988494E39, 3.186652212039711E39, 0.0, -2.542654538935425E39]
prim_[3.169984135298845E39, 3.186652212039707E39, 0.0, -2.5426545389354208E39]
prim_[3.169984135298845E39, 3.186652212039707E39, 0.0, -2.5426545389354208E39]
prim_[3.1699841352988494E39, 3.186652212039711E39, 0.0, -2.542654538935425E39]
prim_[0.0, 0.0, 0.0, 0.0]
prim_[0.0, -0.0, -0.0, 0.0]
prim_[3.213313318788827E39, 3.213313318788827E39, 0.0, -2.5706506550310593E39]
prim_[3.2110372301684835E39, 3.2110372301684835E39, 0.0, -2.5688297841347852E39]
prim_[3.210582185396975E39, 3.210582185396975E39, 0.0, -2.5684657483175807E39]
prim_[3.210387183852882E39, 3.210387183852882E39, 0.0, -2.5683097470823054E39]
prim_[3.210278854235713E39, 3.210278854235713E39, 0.0, -2.5682230833885702E39]
prim_[3.210209918907619E39, 3.210209918907619E39, 0.0, -2.568167935126095E39]
prim_[3.21016219522471E39, 3.21016219522471E39, 0.0, -2.568129756179769E39]
prim_[3.2101271982602414E39, 3.2101271982602414E39, 0.0, -2.5681017586081922E39]
prim_[3.210100436105728E39, 3.210100436105728E39, 0.0, -2.568080348884582E39]
prim_[3.210079308229861E39, 3.210079308229861E39, 0.0, -2.5680634465838887E39]
prim_[3.2100622048023277E39, 3.2100622048023277E39, 0.0, -2.5680497638418614E39]
prim_[3.210048075945366E39, 3.210048075945366E39, 0.0, -2.5680384607562933E39]
prim_[3.210036207748462E39, 3.210036207748462E39, 0.0, -2.56802896619877E39]
prim_[3.210026097833884E39, 3.210026097833884E39, 0.0, -2.5680208782671068E39]
prim_[3.210017382413125E39, 3.210017382413125E39, 0.0, -2.568013905930498E39]
prim_[3.210009791580018E39, 3.210009791580018E39, 0.0, -2.5680078332640147E39]
prim_[3.2100031208611384E39, 3.2100031208611384E39, 0.0, -2.56800249668891E39]
prim_[3.2099972125204746E39, 3.2099972125204746E39, 0.0, -2.5679977700163796E39]
prim_[3.2099919429275436E39, 3.2099919429275436E39, 0.0, -2.5679935543420347E39]
prim_[3.209987213812267E39, 3.209987213812267E39, 0.0, -2.567989771049814E39]
prim_[0.0, 0.0, 0.0, 0.0]
prim_[0.0, -0.0, -0.0, 0.0]
prim_[3.213313318788827E39, 3.213313318788827E39, 0.0, -2.5706506550310593E39]
prim_[3.2110372301684835E39, 3.2110372301684835E39, 0.0, -2.5688297841347852E39]
prim_[3.210582185396975E39, 3.210582185396975E39, 0.0, -2.5684657483175807E39]
prim_[3.210387183852882E39, 3.210387183852882E39, 0.0, -2.5683097470823054E39]
prim_[3.210278854235717E39, 3.210278854235717E39, 0.0, -2.568223083388574E39]
prim_[3.210209918907619E39, 3.210209918907619E39, 0.0, -2.568167935126095E39]
prim_[3.21016219522471E39, 3.21016219522471E39, 0.0, -2.568129756179769E39]
prim_[3.2101271982602414E39, 3.2101271982602414E39, 0.0, -2.5681017586081922E39]
prim_[3.210100436105728E39, 3.210100436105728E39, 0.0, -2.568080348884582E39]
prim_[3.210079308229861E39, 3.210079308229861E39, 0.0, -2.5680634465838887E39]
prim_[3.210062204802332E39, 3.210062204802332E39, 0.0, -2.5680497638418663E39]
prim_[3.210048075945366E39, 3.210048075945366E39, 0.0, -2.5680384607562933E39]
prim_[3.210036207748462E39, 3.210036207748462E39, 0.0, -2.56802896619877E39]
prim_[3.210026097833884E39, 3.210026097833884E39, 0.0, -2.5680208782671068E39]
prim_[3.2100173824131296E39, 3.2100173824131296E39, 0.0, -2.568013905930504E39]
prim_[3.210009791580018E39, 3.210009791580018E39, 0.0, -2.5680078332640147E39]
prim_[3.2100031208611384E39, 3.2100031208611384E39, 0.0, -2.56800249668891E39]
prim_[3.209997212520478E39, 3.209997212520478E39, 0.0, -2.5679977700163833E39]
prim_[3.2099919429275436E39, 3.2099919429275436E39, 0.0, -2.5679935543420347E39]
prim_[3.209987213812267E39, 3.209987213812267E39, 0.0, -2.567989771049814E39]
prim_[0.0, 0.0, 0.0, 0.0]
prim_[0.0, -0.0, -0.0, 0.0]
prim_[3.213313318788827E39, 3.213313318788827E39, 0.0, -2.5706506550310593E39]
prim_[3.2110372301684835E39, 3.2110372301684835E39, 0.0, -2.5688297841347852E39]
prim_[3.210582185396975E39, 3.210582185396975E39, 0.0, -2.5684657483175807E39]
prim_[3.2103871838528875E39, 3.2103871838528875E39, 0.0, -2.5683097470823097E39]
prim_[3.210278854235717E39, 3.210278854235717E39, 0.0, -2.568223083388574E39]
prim_[3.210209918907619E39, 3.210209918907619E39, 0.0, -2.568167935126095E39]
prim_[3.21016219522471E39, 3.21016219522471E39, 0.0, -2.568129756179769E39]
prim_[3.2101271982602414E39, 3.2101271982602414E39, 0.0, -2.5681017586081922E39]
prim_[3.210100436105731E39, 3.210100436105731E39, 0.0, -2.5680803488845856E39]
prim_[3.210079308229861E39, 3.210079308229861E39, 0.0, -2.5680634465838887E39]
prim_[3.210062204802332E39, 3.210062204802332E39, 0.0, -2.5680497638418663E39]
prim_[3.210048075945366E39, 3.210048075945366E39, 0.0, -2.5680384607562933E39]
prim_[3.210036207748462E39, 3.210036207748462E39, 0.0, -2.56802896619877E39]
prim_[3.210026097833884E39, 3.210026097833884E39, 0.0, -2.5680208782671068E39]
prim_[3.210017382413125E39, 3.210017382413125E39, 0.0, -2.568013905930498E39]
prim_[3.210009791580018E39, 3.210009791580018E39, 0.0, -2.5680078332640147E39]
prim_[3.2100031208611384E39, 3.2100031208611384E39, 0.0, -2.56800249668891E39]
prim_[3.2099972125204746E39, 3.2099972125204746E39, 0.0, -2.5679977700163796E39]
prim_[3.2099919429275436E39, 3.2099919429275436E39, 0.0, -2.5679935543420347E39]
prim_[3.209987213812267E39, 3.209987213812267E39, 0.0, -2.567989771049814E39]
prim_[0.0, 0.0, 0.0, 0.0]
prim_[0.0, -0.0, -0.0, 0.0]
prim_[3.213313318788827E39, 3.213313318788827E39, 0.0, -2.5706506550310593E39]
prim_[3.2110372301684835E39, 3.2110372301684835E39, 0.0, -2.5688297841347852E39]
prim_[3.210582185396975E39, 3.210582185396975E39, 0.0, -2.5684657483175807E39]
prim_[3.210387183852882E39, 3.210387183852882E39, 0.0, -2.5683097470823054E39]
prim_[3.210278854235713E39, 3.210278854235713E39, 0.0, -2.5682230833885702E39]
prim_[3.210209918907619E39, 3.210209918907619E39, 0.0, -2.568167935126095E39]
prim_[3.2101621952247147E39, 3.2101621952247147E39, 0.0, -2.5681297561797727E39]
prim_[3.2101271982602414E39, 3.2101271982602414E39, 0.0, -2.5681017586081922E39]
prim_[3.2101004361057276E39, 3.2101004361057276E39, 0.0, -2.5680803488845825E39]
prim_[3.210079308229861E39, 3.210079308229861E39, 0.0, -2.5680634465838887E39]
prim_[3.210062204802332E39, 3.210062204802332E39, 0.0, -2.5680497638418663E39]
prim_[3.210048075945363E39, 3.210048075945363E39, 0.0, -2.5680384607562897E39]
prim_[3.210036207748462E39, 3.210036207748462E39, 0.0, -2.56802896619877E39]
prim_[3.210026097833886E39, 3.210026097833886E39, 0.0, -2.5680208782671086E39]
prim_[3.210017382413125E39, 3.210017382413125E39, 0.0, -2.568013905930498E39]
prim_[3.210009791580018E39, 3.210009791580018E39, 0.0, -2.5680078332640147E39]
prim_[3.2100031208611384E39, 3.2100031208611384E39, 0.0, -2.56800249668891E39]
prim_[3.209997212520479E39, 3.209997212520479E39, 0.0, -2.567997770016382E39]
prim_[3.2099919429275436E39, 3.2099919429275436E39, 0.0, -2.5679935543420347E39]
prim_[3.2099872138122674E39, 3.2099872138122674E39, 0.0, -2.567989771049814E39]
prim_[0.0, 0.0, 0.0, 0.0]
prim_[0.0, -0.0, -0.0, 0.0]
prim_[3.213313318788827E39, 3.213313318788827E39, 0.0, -2.5706506550310593E39]
prim_[3.2110372301684835E39, 3.2110372301684835E39, 0.0, -2.5688297841347852E39]
prim_[3.210582185396975E39, 3.210582185396975E39, 0.0, -2.5684657483175807E39]
prim_[3.2103871838528875E39, 3.2103871838528875E39, 0.0, -2.5683097470823097E39]
prim_[3.210278854235717E39, 3.210278854235717E39, 0.0, -2.568223083388574E39]
prim_[3.210209918907615E39, 3.210209918907615E39, 0.0, -2.5681679351260932E39]
prim_[3.21016219522471E39, 3.21016219522471E39, 0.0, -2.568129756179769E39]
prim_[3.2101271982602414E39, 3.2101271982602414E39, 0.0, -2.5681017586081922E39]
prim_[3.2101004361057276E39, 3.2101004361057276E39, 0.0, -2.5680803488845825E39]
prim_[3.210079308229861E39, 3.210079308229861E39, 0.0, -2.5680634465838887E39]
prim_[3.2100622048023277E39, 3.2100622048023277E39, 0.0, -2.5680497638418614E39]
prim_[3.21004807594536E39, 3.21004807594536E39, 0.0, -2.5680384607562866E39]
prim_[3.210036207748462E39, 3.210036207748462E39, 0.0, -2.56802896619877E39]
prim_[3.210026097833884E39, 3.210026097833884E39, 0.0, -2.5680208782671068E39]
prim_[3.210017382413125E39, 3.210017382413125E39, 0.0, -2.568013905930498E39]
prim_[3.210009791580018E39, 3.210009791580018E39, 0.0, -2.5680078332640147E39]
prim_[3.2100031208611384E39, 3.2100031208611384E39, 0.0, -2.56800249668891E39]
prim_[3.2099972125204746E39, 3.2099972125204746E39, 0.0, -2.5679977700163796E39]
prim_[3.2099919429275436E39, 3.2099919429275436E39, 0.0, -2.5679935543420347E39]
prim_[3.209987213812267E39, 3.209987213812267E39, 0.0, -2.567989771049814E39]
prim_[0.0, 0.0, 0.0, 0.0]
prim_[0.0, -0.0, -0.0, 0.0]
prim_[3.2133133187888304E39, 3.2133133187888304E39, 0.0, -2.5706506550310642E39]
prim_[3.2110372301684883E39, 3.2110372301684883E39, 0.0, -2.5688297841347913E39]
prim_[3.210582185396975E39, 3.210582185396975E39, 0.0, -2.5684657483175807E39]
prim_[3.2103871838528875E39, 3.2103871838528875E39, 0.0, -2.5683097470823097E39]
prim_[3.210278854235717E39, 3.210278854235717E39, 0.0, -2.568223083388574E39]
prim_[3.210209918907619E39, 3.210209918907619E39, 0.0, -2.568167935126095E39]
prim_[3.21016219522471E39, 3.21016219522471E39, 0.0, -2.568129756179769E39]
prim_[3.2101271982602414E39, 3.2101271982602414E39, 0.0, -2.5681017586081922E39]
prim_[3.2101004361057276E39, 3.2101004361057276E39, 0.0, -2.5680803488845825E39]
prim_[3.210079308229861E39, 3.210079308229861E39, 0.0, -2.5680634465838887E39]
prim_[3.210062204802332E39, 3.210062204802332E39, 0.0, -2.5680497638418663E39]
prim_[3.210048075945363E39, 3.210048075945363E39, 0.0, -2.5680384607562897E39]
prim_[3.210036207748462E39, 3.210036207748462E39, 0.0, -2.56802896619877E39]
prim_[3.210026097833884E39, 3.210026097833884E39, 0.0, -2.5680208782671068E39]
prim_[3.210017382413125E39, 3.210017382413125E39, 0.0, -2.568013905930498E39]
prim_[3.210009791580018E39, 3.210009791580018E39, 0.0, -2.5680078332640147E39]
prim_[3.2100031208611384E39, 3.2100031208611384E39, 0.0, -2.56800249668891E39]
prim_[3.2099972125204746E39, 3.2099972125204746E39, 0.0, -2.5679977700163796E39]
prim_[3.2099919429275436E39, 3.2099919429275436E39, 0.0, -2.5679935543420347E39]
prim_[3.209987213812267E39, 3.209987213812267E39, 0.0, -2.567989771049814E39]
prim_[0.0, 0.0, 0.0, 0.0]
prim_[0.0, -0.0, -0.0, 0.0]
prim_[3.213313318788827E39, 3.213313318788827E39, 0.0, -2.5706506550310593E39]
prim_[3.2110372301684835E39, 3.2110372301684835E39, 0.0, -2.5688297841347852E39]
prim_[3.210582185396975E39, 3.210582185396975E39, 0.0, -2.5684657483175795E39]
prim_[3.210387183852882E39, 3.210387183852882E39, 0.0, -2.5683097470823054E39]
prim_[3.210278854235713E39, 3.210278854235713E39, 0.0, -2.5682230833885702E39]
prim_[3.210209918907619E39, 3.210209918907619E39, 0.0, -2.568167935126095E39]
prim_[3.21016219522471E39, 3.21016219522471E39, 0.0, -2.568129756179769E39]
prim_[3.2101271982602414E39, 3.2101271982602414E39, 0.0, -2.5681017586081922E39]
prim_[3.2101004361057276E39, 3.2101004361057276E39, 0.0, -2.5680803488845825E39]
prim_[3.210079308229861E39, 3.210079308229861E39, 0.0, -2.5680634465838887E39]
prim_[3.210062204802332E39, 3.210062204802332E39, 0.0, -2.5680497638418663E39]
prim_[3.210048075945363E39, 3.210048075945363E39, 0.0, -2.5680384607562897E39]
prim_[3.210036207748462E39, 3.210036207748462E39, 0.0, -2.56802896619877E39]
prim_[3.210026097833884E39, 3.210026097833884E39, 0.0, -2.5680208782671068E39]
prim_[3.210017382413125E39, 3.210017382413125E39, 0.0, -2.568013905930498E39]
prim_[3.210009791580018E39, 3.210009791580018E39, 0.0, -2.5680078332640147E39]
prim_[3.2100031208611384E39, 3.2100031208611384E39, 0.0, -2.56800249668891E39]
prim_[3.2099972125204746E39, 3.2099972125204746E39, 0.0, -2.5679977700163796E39]
prim_[3.2099919429275436E39, 3.2099919429275436E39, 0.0, -2.5679935543420347E39]
prim_[3.209987213812267E39, 3.209987213812267E39, 0.0, -2.567989771049814E39]
prim_[0.0, 0.0, 0.0, 0.0]
prim_[0.0, 0.0, 0.0, 0.0]
prim_[3.213313318788827E39, 3.213313318788827E39, 0.0, -2.5706506550310593E39]
prim_[3.2110372301684835E39, 3.2110372301684835E39, 0.0, -2.5688297841347852E39]
prim_[3.210582185396975E39, 3.210582185396975E39, 0.0, -2.5684657483175807E39]
prim_[3.210387183852882E39, 3.210387183852882E39, 0.0, -2.5683097470823054E39]
prim_[3.210278854235713E39, 3.210278854235713E39, 0.0, -2.5682230833885702E39]
prim_[3.210209918907619E39, 3.210209918907619E39, 0.0, -2.568167935126095E39]
prim_[3.21016219522471E39, 3.21016219522471E39, 0.0, -2.568129756179769E39]
prim_[3.2101271982602414E39, 3.2101271982602414E39, 0.0, -2.5681017586081922E39]
prim_[3.2101004361057276E39, 3.2101004361057276E39, 0.0, -2.5680803488845825E39]
prim_[3.210079308229861E39, 3.210079308229861E39, 0.0, -2.5680634465838887E39]
prim_[3.210062204802332E39, 3.210062204802332E39, 0.0, -2.5680497638418663E39]
prim_[3.210048075945363E39, 3.210048075945363E39, 0.0, -2.5680384607562897E39]
prim_[3.210036207748462E39, 3.210036207748462E39, 0.0, -2.56802896619877E39]
prim_[3.210026097833884E39, 3.210026097833884E39, 0.0, -2.5680208782671068E39]
prim_[3.21001738241313E39, 3.21001738241313E39, 0.0, -2.5680139059305046E39]
prim_[3.210009791580018E39, 3.210009791580018E39, 0.0, -2.5680078332640147E39]
prim_[3.2100031208611384E39, 3.2100031208611384E39, 0.0, -2.56800249668891E39]
prim_[3.209997212520479E39, 3.209997212520479E39, 0.0, -2.567997770016382E39]
prim_[3.2099919429275436E39, 3.2099919429275436E39, 0.0, -2.5679935543420347E39]
prim_[3.209987213812267E39, 3.209987213812267E39, 0.0, -2.567989771049814E39]
prim_[0.0, 0.0, 0.0, 0.0]
prim_[0.0, -0.0, -0.0, 0.0]
prim_[0.0, 0.0, 0.0, 0.0]
prim_[0.0, 0.0, 0.0, 0.0]
prim_[0.0, 0.0, 0.0, 0.0]
prim_[0.0, 0.0, 0.0, 0.0]
prim_[0.0, 0.0, 0.0, 0.0]
prim_[0.0, 0.0, 0.0, 0.0]
prim_[0.0, 0.0, 0.0, 0.0]
prim_[0.0, 0.0, 0.0, 0.0]
prim_[0.0, 0.0, 0.0, 0.0]
prim_[0.0, 0.0, 0.0, 0.0]
prim_[0.0, 0.0, 0.0, 0.0]
prim_[0.0, 0.0, 0.0, 0.0]
prim_[0.0, 0.0, 0.0, 0.0]
prim_[0.0, 0.0, 0.0, 0.0]
prim_[0.0, 0.0, 0.0, 0.0]
prim_[0.0, 0.0, 0.0, 0.0]
prim_[0.0, 0.0, 0.0, 0.0]
prim_[0.0, 0.0, 0.0, 0.0]
prim_[0.0, 0.0, 0.0, 0.0]
prim_[0.0, 0.0, 0.0, 0.0]
prim_[0.0, 0.0, 0.0, 0.0]
